[?25l[0m[7m[38;5;16m [0m[38;5;1;48;5;16m                                                                                                   [0m
[7m[38;5;16m [0m[38;5;1;48;5;16m                                                                                                   [0m
[38;5;16;48;5;16m                                                [38;5;232m▁[38;5;233;48;5;232m▕▏[38;5;232;48;5;16m▁                                                [0m
[7m[38;5;16m [0m[38;5;1;48;5;16m                                   [38;5;233m▁[38;5;52m▁▁[48;5;232m▂[38;5;233;48;5;16m▄[48;5;232m▄[38;5;232;48;5;16m▂▁▁▂[48;5;232m [38;5;233m▁[38;5;52m▂[38;5;166;48;5;52m▗[38;5;130m▎[38;5;52;48;5;233m▁[38;5;233;48;5;232m▁[48;5;16m▂[48;5;232m▃▂ [38;5;232;48;5;16m▂[38;5;233;48;5;232m▂[38;5;234;48;5;16m▄[38;5;233m▃[38;5;52m▁▁[38;5;232m▁                                    [0m
[38;5;16;48;5;16m                                  [48;5;232m▋[38;5;233m▗[38;5;52;48;5;130m▘[38;5;234;48;5;172m▅[38;5;236m▄[38;5;172;48;5;94m▅[38;5;215;48;5;1m▂[38;5;130;48;5;52m▃[38;5;52;48;5;234m▄[48;5;52m [48;5;1m▂[48;5;233m▎▂[48;5;94m▋[38;5;130;48;5;52m▗[38;5;1;48;5;214m▌[38;5;214;48;5;1m▌[38;5;130;48;5;52m▖▎   [38;5;52;48;5;233m▆[38;5;94;48;5;234m▗[38;5;130;48;5;52m▃[38;5;215;48;5;1m▂[38;5;172;48;5;94m▅[38;5;236;48;5;172m▄[38;5;233m▅[48;5;130m▝[48;5;232m [48;5;16m                                   [0m
[38;5;16;48;5;16m                                 [38;5;232m▗[48;5;233m▌[38;5;233;48;5;232m▔[38;5;232;48;5;130m▆[38;5;52;48;5;166m▅[48;5;130m▂[38;5;172;48;5;235m▄[38;5;235;48;5;137m▆[38;5;58;48;5;179m▖[38;5;214;48;5;130m▃[38;5;166;48;5;94m▃[38;5;130m▖[48;5;1m▘[38;5;1;48;5;52m▁[38;5;130;48;5;178m▊[38;5;94;48;5;172m▘[38;5;166;48;5;221m▋[38;5;228;48;5;208m▎[38;5;208;48;5;130m▄[38;5;221m▏[38;5;1;48;5;52m▕[48;5;130m▅[38;5;130;48;5;94m▗[38;5;166;48;5;1m▃[38;5;215;48;5;130m▃[38;5;234;48;5;173m▗[38;5;236;48;5;179m▆[38;5;172;48;5;235m▄[38;5;1;48;5;130m▃[38;5;52;48;5;166m▅[38;5;233;48;5;130m▆[48;5;232m▖[38;5;232;48;5;16m▎▘                                 [0m
[7m[38;5;16m [0m[38;5;1;48;5;16m                               [38;5;232m▁▘[38;5;233;48;5;232m▗[38;5;52;48;5;233m▃[48;5;52m [48;5;232m▂[38;5;233;48;5;52m▘[38;5;130m▝[48;5;172m▖[38;5;178;48;5;58m▄[38;5;234;48;5;143m▅[38;5;166;48;5;215m▞[38;5;208;48;5;130m▄[38;5;172m▆[38;5;130;48;5;166m▗[38;5;166;48;5;214m▌[38;5;221;48;5;208m▏[38;5;220;48;5;228m▊[38;5;228;48;5;220m▎[38;5;172;48;5;214m▔[38;5;208;48;5;166m▍[38;5;130m▔[38;5;172;48;5;130m▆[38;5;214m▃[38;5;215m▞[38;5;234;48;5;137m▅[38;5;178;48;5;235m▄[38;5;94;48;5;172m▗[38;5;130;48;5;1m▘[38;5;1;48;5;52m▂[48;5;233m▃[48;5;52m [38;5;233;48;5;16m▎[38;5;16;48;5;232m▅[38;5;232;48;5;16m▁                                 [0m
[7m[38;5;16m [0m[38;5;1;48;5;16m                               [38;5;94;48;5;232m▗[38;5;52;48;5;234m▝[38;5;234;48;5;52m▏ [38;5;52;48;5;233m▝[48;5;1m▌[38;5;166m▂[38;5;52;48;5;130m▘[38;5;1m▖[38;5;166;48;5;214m▌[38;5;178;48;5;52m▋[38;5;137;48;5;233m▝[38;5;94;48;5;178m▂[38;5;220;48;5;214m▅[38;5;214;48;5;208m▄[38;5;220;48;5;214m▁[38;5;221;48;5;220m▃[38;5;222m▄[48;5;221m▃[38;5;221;48;5;220m▃[38;5;220;48;5;214m▃[38;5;214;48;5;208m▆[38;5;220;48;5;214m▄[38;5;94;48;5;178m▂[38;5;95;48;5;234m▏[38;5;234;48;5;178m▘[38;5;166;48;5;208m▝[38;5;94;48;5;130m▗[38;5;130;48;5;94m▖[48;5;1m▂[38;5;52;48;5;234m▌[48;5;233m [38;5;94m▖[38;5;52;48;5;234m▝[48;5;52m [38;5;58;48;5;232m▖[48;5;16m [38;5;232m▂                              [0m
[7m[38;5;16m [0m[38;5;1;48;5;16m                          [38;5;232m▁▁[48;5;232m [38;5;233;48;5;16m▁[38;5;232m▂[38;5;52;48;5;234m▗[38;5;58;48;5;232m▃[38;5;130;48;5;233m▂[48;5;52m▝▗▃[38;5;52;48;5;130m▘[48;5;172m▃[38;5;130m▆[48;5;166m▘[38;5;214;48;5;208m▅[38;5;58;48;5;221m▝[38;5;137;48;5;234m▖[38;5;58;48;5;185m▃[38;5;232;48;5;221m▄[38;5;58m▆[38;5;178;48;5;94m▄[38;5;221;48;5;58m▅[48;5;94m▅[38;5;94;48;5;179m▝[38;5;58;48;5;221m▆[38;5;233m▄[38;5;94;48;5;185m▃[38;5;137;48;5;234m▗[38;5;94;48;5;220m▘[38;5;214;48;5;208m▅[38;5;166;48;5;130m▋[38;5;130;48;5;172m▅[38;5;94m▃[38;5;52;48;5;130m▝[38;5;166;48;5;52m▂[38;5;94;48;5;1m▂[48;5;52m▎[48;5;232m▂[38;5;58m▃▍[38;5;233;48;5;16m▂[48;5;232m▁ [48;5;16m▂[38;5;232m▁                           [0m
[7m[38;5;16m [0m[38;5;1;48;5;16m                         [38;5;233;48;5;232m▖[38;5;16m▆[38;5;232;48;5;16m▁▂[38;5;130;48;5;232m▗[38;5;52;48;5;234m▏[38;5;233;48;5;52m▆[38;5;130m▗[48;5;1m▌[38;5;94;48;5;52m▝[38;5;234;48;5;130m▅[38;5;130;48;5;52m▃[38;5;94m▅[38;5;1;48;5;130m▔[38;5;208;48;5;166m▔[38;5;214;48;5;172m▗[38;5;94;48;5;214m▗[38;5;58;48;5;185m▅[38;5;179;48;5;236m▂[38;5;237;48;5;234m▕[38;5;239;48;5;232m▖[38;5;234;48;5;58m▌ [38;5;58;48;5;172m▅▅[48;5;236m▔[48;5;235m▖[48;5;232m▗[48;5;234m▗[38;5;179;48;5;58m▂[38;5;58;48;5;179m▅[38;5;100;48;5;214m▖[38;5;208;48;5;166m▆[38;5;166;48;5;172m▆[38;5;172;48;5;130m▘[38;5;130;48;5;94m▗[38;5;166;48;5;52m▂[38;5;234;48;5;130m▅[38;5;94;48;5;52m▘[38;5;52;48;5;94m▍[38;5;94;48;5;52m▖[38;5;233m▆[38;5;52;48;5;233m▕[38;5;94;48;5;232m▖[38;5;232;48;5;16m▂▁[38;5;16;48;5;233m▆[48;5;232m [48;5;16m                          [0m
[7m[38;5;16m [0m[38;5;1;48;5;16m                        [38;5;232m▁[38;5;233;48;5;232m▌[38;5;232;48;5;16m▁[38;5;130;48;5;234m▗[38;5;172;48;5;58m▖[38;5;232;48;5;233m▁[38;5;52m▗[48;5;130m▋[38;5;130;48;5;233m▔[38;5;94;48;5;232m▅[48;5;52m▝[38;5;52;48;5;130m▆[38;5;130;48;5;52m▃[38;5;166;48;5;1m▆[38;5;208;48;5;166m▅[38;5;166;48;5;208m▘[38;5;221;48;5;220m▕[38;5;179;48;5;232m▏[38;5;208;48;5;52m▝[38;5;52;48;5;214m▃[48;5;233m▏[38;5;94;48;5;232m▝[38;5;221;48;5;58m▘[38;5;234;48;5;16m▔[48;5;233m▕[38;5;233;48;5;232m▔[38;5;234m▔[48;5;179m▂[38;5;94;48;5;232m▘[38;5;233;48;5;94m▊[38;5;52;48;5;208m▃[38;5;208;48;5;1m▘[38;5;232;48;5;178m▊[38;5;221;48;5;214m▂[38;5;214;48;5;166m▄[38;5;208m▄[38;5;172;48;5;130m▂[38;5;130;48;5;52m▂[38;5;52;48;5;130m▆[38;5;94;48;5;52m▘[48;5;233m▄[38;5;233;48;5;94m▆[38;5;166;48;5;52m▍[38;5;52;48;5;233m▖ [38;5;172;48;5;94m▗[38;5;94;48;5;233m▍[38;5;232;48;5;16m▁[48;5;232m [48;5;16m▁                         [0m
[7m[38;5;16m [0m[38;5;1;48;5;16m                       [38;5;232m▕[38;5;52;48;5;233m▘[48;5;232m▘[38;5;16;48;5;233m▁[38;5;52;48;5;232m▂[48;5;130m▆[48;5;233m [38;5;1;48;5;52m▗[38;5;52;48;5;172m▋[38;5;233;48;5;232m▁[38;5;130;48;5;233m▋[38;5;52m▁[48;5;52m [38;5;130;48;5;1m▃[38;5;208;48;5;130m▔[38;5;172;48;5;214m▅[38;5;214;48;5;221m▅ [38;5;179;48;5;234m▍[38;5;234;48;5;233m▔[38;5;52m▖[38;5;233;48;5;232m▏[48;5;235m▘[38;5;234;48;5;232m▎[38;5;233;48;5;236m▊[38;5;235;48;5;137m▃[38;5;179;48;5;58m▘[38;5;236;48;5;233m▖[38;5;233;48;5;232m▗[38;5;235;48;5;233m▆[38;5;234;48;5;232m▕[48;5;233m▗[38;5;52m▔[38;5;234;48;5;179m▌[38;5;221;48;5;220m▘[38;5;214;48;5;221m▅[38;5;166;48;5;215m▆[48;5;130m▂[38;5;130;48;5;1m▂[48;5;52m [38;5;52;48;5;233m▁[48;5;130m▍[48;5;232m [38;5;172;48;5;233m▍[38;5;52m▍▝[48;5;130m▆[48;5;232m▂[38;5;16;48;5;52m▁[38;5;52;48;5;232m▝[38;5;233;48;5;52m▆[38;5;232;48;5;16m▏                        [0m
[7m[38;5;16m [0m[38;5;1;48;5;16m                        [38;5;52m▔[38;5;16;48;5;52m▆[38;5;52;48;5;232m▝[38;5;58;48;5;233m▗[38;5;130m▔[38;5;52;48;5;94m▃[48;5;52m [38;5;94;48;5;166m▋[38;5;216;48;5;1m▂[38;5;214;48;5;130m▋[38;5;130;48;5;1m▄[38;5;214m▅[38;5;94;48;5;172m▂[38;5;130m▂[38;5;208;48;5;214m▃[38;5;214;48;5;221m▅[38;5;215;48;5;236m▊[38;5;52;48;5;233m▔▖[38;5;94;48;5;16m▂[38;5;136;48;5;233m▃[38;5;94m▖[38;5;233;48;5;58m▞[38;5;58;48;5;233m▁[38;5;52;48;5;232m▁[38;5;234;48;5;16m▂[38;5;58;48;5;233m▁▖[38;5;137m▗[38;5;136;48;5;232m▃[38;5;94;48;5;16m▂[38;5;52;48;5;233m▁[48;5;234m▔[38;5;58;48;5;215m▏[38;5;214;48;5;221m▅[38;5;208;48;5;214m▄[38;5;88;48;5;172m▂[38;5;1;48;5;166m▂[38;5;214;48;5;1m▄[38;5;130;48;5;52m▞[38;5;166;48;5;58m▊[38;5;179;48;5;233m▂[38;5;130;48;5;52m▍[38;5;58m▝[38;5;94m▘[38;5;130;48;5;234m▔[38;5;52;48;5;233m▖[38;5;234m▝[38;5;16;48;5;52m▆[38;5;233;48;5;16m▔                         [0m
[7m[38;5;16m [0m[38;5;1;48;5;16m                        [38;5;233m▕[48;5;232m▏▝[38;5;52m▔[48;5;234m▘[38;5;94;48;5;233m▂[48;5;52m [38;5;52;48;5;94m▋[38;5;130;48;5;52m▔[48;5;215m▆[38;5;52;48;5;94m▅[38;5;94;48;5;1m▘[38;5;1;48;5;52m▝[38;5;94;48;5;166m▄[38;5;130m▂[38;5;1m▃[38;5;172;48;5;52m▂ [38;5;52;48;5;166m▌[38;5;136;48;5;233m▎[38;5;180;48;5;232m▝[38;5;179;48;5;235m▘[38;5;234;48;5;16m▖[38;5;172;48;5;52m▗[38;5;166;48;5;232m▄[38;5;208;48;5;233m▄[38;5;172;48;5;52m▖[38;5;236;48;5;16m▗[38;5;179;48;5;236m▝[38;5;143;48;5;232m▘[38;5;232;48;5;136m▋[38;5;172;48;5;52m▌ ▂[38;5;1;48;5;166m▃[38;5;208m▘[38;5;130;48;5;1m▋[48;5;52m ▔[38;5;233m▅[38;5;179;48;5;94m▔[38;5;52;48;5;233m▔[38;5;88m▎[38;5;232m▁[38;5;94;48;5;232m▂[38;5;52;48;5;234m▝[38;5;16;48;5;52m▆[38;5;233;48;5;232m▘▕[48;5;16m▏                         [0m
[7m[38;5;16m [0m[38;5;1;48;5;16m                         [38;5;16;48;5;52m▆[48;5;233m [48;5;234m▁[38;5;233;48;5;232m▕[38;5;130;48;5;52m▖[38;5;52;48;5;58m▆[38;5;233;48;5;88m▋[38;5;52;48;5;233m▁[38;5;130;48;5;52m▋[38;5;233;48;5;234m▁[38;5;52;48;5;130m▍[48;5;94m▄[38;5;130;48;5;52m▎[38;5;52;48;5;1m▆▊[48;5;172m▆[38;5;130;48;5;52m▕[38;5;94m▕[38;5;52;48;5;172m▖[38;5;172;48;5;233m▄[38;5;166m▁[38;5;232;48;5;16m▘[38;5;52;48;5;178m▍[38;5;214;48;5;220m▊ [38;5;178;48;5;52m▌[38;5;232;48;5;16m▕[38;5;172;48;5;233m▁[38;5;166m▄[38;5;52;48;5;166m▗[38;5;94;48;5;52m▔▖[38;5;52;48;5;172m▆[48;5;52m [38;5;130m▔[38;5;52;48;5;130m▋[38;5;130;48;5;52m▘[38;5;172m▘[48;5;233m [38;5;94m▊[38;5;233;48;5;232m▁[38;5;1;48;5;233m▎[38;5;94;48;5;234m▍[38;5;88;48;5;52m▗[48;5;232m [38;5;16;48;5;234m▁[38;5;233;48;5;232m▘[38;5;52m▔[48;5;16m                          [0m
[7m[38;5;16m [0m[38;5;1;48;5;16m                           [38;5;94;48;5;232m▗[38;5;130;48;5;233m▖[38;5;94;48;5;232m▌[48;5;52m [38;5;52;48;5;233m▝▅[38;5;94;48;5;52m▋[38;5;130m▏[38;5;52;48;5;233m▝[48;5;52m [38;5;88m▕[38;5;1m▃[38;5;52;48;5;94m▘[38;5;130;48;5;52m▆[38;5;88;48;5;1m▔[38;5;130m▗▅[48;5;172m▎[48;5;166m▗[38;5;58;48;5;208m▔[38;5;233m▔[38;5;221;48;5;220m▕[38;5;220;48;5;214m▋[38;5;233;48;5;172m▔[38;5;94;48;5;208m▔[48;5;166m [38;5;166;48;5;130m▊[48;5;1m [38;5;1;48;5;52m▃▅[38;5;130m▆[38;5;94m▂[38;5;130m▕[38;5;52;48;5;94m▃[48;5;52m  [38;5;88;48;5;233m▂[48;5;52m [38;5;52;48;5;233m▖▔[38;5;94;48;5;232m▍[38;5;52;48;5;234m▔[38;5;130;48;5;233m▗[38;5;94;48;5;232m▖[48;5;16m                            [0m
[7m[38;5;16m [0m[38;5;1;48;5;16m                        [38;5;232m▂[38;5;233;48;5;232m▕▘▕[38;5;234;48;5;233m▏[38;5;94m▌[38;5;52m▝▘[48;5;52m  [38;5;173m▁[38;5;222;48;5;88m▁[38;5;166;48;5;52m▂[38;5;130m▃[48;5;1m▅[38;5;236;48;5;166m▃[38;5;52m▃[38;5;130m▔[38;5;166;48;5;94m▆[38;5;94;48;5;130m▂[38;5;130;48;5;166m▝[48;5;172m▘[38;5;214;48;5;208m▘[38;5;208;48;5;214m▊[38;5;220;48;5;221m▊[38;5;221;48;5;220m▍[38;5;214;48;5;208m▃▝[38;5;130;48;5;166m▝[38;5;166;48;5;130m▄▆[38;5;172m▅[38;5;130;48;5;166m▔[38;5;233m▂[38;5;236;48;5;130m▃[38;5;130;48;5;1m▄[48;5;52m▃[38;5;166m▂[38;5;222;48;5;1m▁[38;5;173;48;5;52m▁  [38;5;233;48;5;232m▝▘[38;5;234;48;5;52m▔[48;5;232m [38;5;233m▔▝▏[38;5;232;48;5;16m▂                         [0m
[7m[38;5;16m [0m[38;5;1;48;5;16m                        [38;5;233;48;5;232m▎[38;5;94m▁[38;5;172;48;5;233m▂[48;5;52m [38;5;52;48;5;233m▏[48;5;52m [48;5;233m▁[38;5;1;48;5;52m▁[38;5;130m▞[38;5;234;48;5;172m▄[38;5;232;48;5;137m▄[38;5;237m▅[38;5;137;48;5;233m▔[38;5;94;48;5;232m▘[48;5;233m▔[38;5;130;48;5;232m▅[38;5;202;48;5;16m▄[38;5;214;48;5;94m▄[48;5;166m▂[38;5;172;48;5;130m▄[38;5;208;48;5;166m▅[48;5;214m▘ [38;5;221;48;5;220m▗[48;5;229m▘[38;5;220;48;5;228m▝[38;5;221;48;5;220m▃[38;5;220;48;5;214m▃[38;5;172m▝[38;5;208;48;5;166m▆▃▂[48;5;52m▄[48;5;16m▄[38;5;130;48;5;232m▅[48;5;234m▔[38;5;131;48;5;233m▝[38;5;232;48;5;239m▅[38;5;237;48;5;95m▅[38;5;232;48;5;137m▄[38;5;233;48;5;130m▄[38;5;130;48;5;52m▗[38;5;52;48;5;233m▏[38;5;233;48;5;232m▖[38;5;52;48;5;233m▔▕[38;5;58;48;5;234m▁[38;5;208;48;5;233m▂[38;5;58;48;5;232m▁[38;5;232;48;5;233m▋[48;5;16m                         [0m
[7m[38;5;16m [0m[38;5;1;48;5;16m                       [38;5;232m▁[38;5;234;48;5;232m▎[38;5;214;48;5;52m▝[38;5;52;48;5;214m▃[38;5;130;48;5;234m▘[38;5;234;48;5;232m▁[38;5;172;48;5;52m▝[38;5;94m▏[38;5;1;48;5;130m▌[38;5;172;48;5;232m▂[38;5;166;48;5;16m▂[38;5;52;48;5;232m▖[38;5;130;48;5;234m▖[38;5;172m▆[38;5;130;48;5;52m▍[38;5;234;48;5;172m▏[38;5;208;48;5;232m▊[38;5;130;48;5;208m▁[48;5;214m▂ [38;5;236m▅[38;5;58;48;5;178m▅[38;5;94;48;5;130m▝[38;5;58;48;5;214m▘[38;5;172;48;5;221m▃[38;5;136;48;5;222m▆[38;5;137;48;5;178m▘[38;5;208;48;5;221m▃[38;5;58;48;5;178m▝[38;5;94m▆[38;5;58m▅[38;5;234;48;5;172m▖[38;5;221;48;5;214m▁[38;5;166m▂[38;5;52;48;5;208m▕[48;5;172m▎[38;5;172;48;5;52m▊[38;5;52;48;5;130m▋[38;5;136;48;5;234m▆[38;5;130m▗[38;5;58;48;5;16m▗[38;5;130m▂[38;5;166;48;5;232m▂[38;5;130;48;5;52m▍[38;5;94m▕[38;5;172;48;5;233m▘[38;5;234m▁[38;5;130m▝[38;5;52;48;5;214m▃[38;5;172;48;5;233m▘[38;5;233;48;5;232m▝[38;5;232;48;5;16m▂▁                       [0m
[7m[38;5;16m [0m[38;5;1;48;5;16m                    [38;5;232m▗[38;5;233m▖[48;5;232m▖[38;5;234m▗[38;5;233;48;5;234m▏[38;5;52;48;5;233m▝[48;5;94m▋[48;5;130m▂▃▞[48;5;52m [38;5;1m▗[38;5;94m▔[38;5;234;48;5;94m▆[38;5;233;48;5;52m▊[38;5;130;48;5;233m▂[38;5;94;48;5;234m▁[38;5;234;48;5;94m▅[38;5;52;48;5;233m▝[48;5;166m▆[38;5;166;48;5;52m▃[38;5;58;48;5;172m▆[38;5;94m▅[38;5;172;48;5;94m▔[38;5;52;48;5;130m▅[48;5;166m▆[38;5;58;48;5;130m▃[38;5;94;48;5;172m▆▃▃[38;5;130m▆[38;5;52;48;5;130m▖[38;5;94;48;5;166m▆[38;5;52;48;5;130m▄▅[38;5;94;48;5;172m▆[38;5;52;48;5;94m▁[38;5;130;48;5;52m▃[38;5;58;48;5;166m▆[38;5;52;48;5;233m▘[48;5;94m▅[48;5;233m▁[38;5;130m▂[38;5;52m▍[38;5;234;48;5;130m▆[48;5;52m [38;5;52;48;5;233m▅[38;5;94;48;5;52m▗[38;5;52;48;5;94m▗▃▂[48;5;52m [38;5;232;48;5;234m▁[38;5;52;48;5;232m▗[38;5;233m▕[38;5;16;48;5;233m▝[38;5;232;48;5;16m▂▁▁                    [0m
[7m[38;5;16m [0m[38;5;1;48;5;16m                      [38;5;52;48;5;232m▃[48;5;233m  ▗[48;5;234m▔[38;5;172;48;5;233m▄[38;5;94m▖[38;5;52m▔[38;5;233;48;5;58m▆▅[38;5;232;48;5;94m▆[38;5;94;48;5;233m▔[38;5;232;48;5;94m▆[38;5;52;48;5;233m▔[48;5;232m▄[38;5;233;48;5;52m▆[38;5;52;48;5;233m▁[48;5;232m▂[38;5;234;48;5;233m▝[38;5;52;48;5;234m▂[38;5;94m▃[38;5;130m▂[38;5;58;48;5;52m▔[38;5;130m▖[38;5;52;48;5;94m▃▆[38;5;94;48;5;234m▔[38;5;232;48;5;52m▃[38;5;234;48;5;130m▆[38;5;94;48;5;52m▘[38;5;234m▅[38;5;94;48;5;234m▝▔[48;5;52m▃ [38;5;52;48;5;234m▔[38;5;234;48;5;232m▕[38;5;233;48;5;52m▆[38;5;52;48;5;233m▔▖[38;5;233;48;5;52m▆[38;5;232;48;5;94m▆[38;5;130;48;5;233m▔[38;5;232;48;5;58m▆[38;5;52;48;5;233m▘[38;5;233;48;5;58m▆[38;5;52;48;5;232m▁[38;5;130;48;5;233m▗[38;5;172m▄[38;5;52m▔▖[38;5;232m▔ [38;5;52;48;5;232m▃[38;5;232;48;5;16m▏▔[38;5;16;48;5;232m▆[48;5;16m                    [0m
[7m[38;5;16m [0m[38;5;1;48;5;16m                    [38;5;232m▕[38;5;233m▁ [48;5;232m▁[38;5;130m▁[38;5;58;48;5;52m▎ [38;5;94m▘[48;5;233m [38;5;233;48;5;52m▞[38;5;234;48;5;101m▊[38;5;221;48;5;233m▅[48;5;232m▅[38;5;179;48;5;233m▅[38;5;233;48;5;232m▏▄[38;5;143;48;5;236m▗[38;5;222;48;5;234m▅▅[38;5;221;48;5;235m▅[38;5;185;48;5;233m▆[38;5;143m▋[38;5;222;48;5;236m▗[38;5;221;48;5;233m▅[38;5;222m▅[48;5;232m▅[38;5;221m▅[38;5;222;48;5;233m▅[38;5;94;48;5;234m▏[38;5;222;48;5;232m▅[38;5;179;48;5;16m▅[38;5;234;48;5;233m▏[38;5;233;48;5;232m▖[38;5;221;48;5;235m▗[38;5;222;48;5;232m▅[38;5;137;48;5;234m▎[38;5;185;48;5;235m▗[38;5;221;48;5;233m▅[48;5;234m▅▅[48;5;233m▅[48;5;236m▖[38;5;233;48;5;101m▊[38;5;221;48;5;233m▅▅▅▅[48;5;232m▅[38;5;179;48;5;233m▄[38;5;235;48;5;232m▏[38;5;1;48;5;52m▔[38;5;52;48;5;233m▔[48;5;52m [38;5;130;48;5;232m▁[38;5;52m▁[38;5;232;48;5;16m▔[38;5;233m▁[38;5;232m▁                     [0m
[7m[38;5;16m [0m[38;5;1;48;5;16m                    [38;5;58;48;5;232m▔[38;5;233m▔▂[38;5;130;48;5;52m▕[38;5;233;48;5;172m▄[38;5;52;48;5;233m▘[38;5;233;48;5;234m▕[48;5;52m ▕[38;5;236;48;5;232m▕[38;5;237;48;5;221m▘[38;5;58m▗[48;5;185m▖[48;5;221m [38;5;221;48;5;236m▖[38;5;232;48;5;16m▔[38;5;233;48;5;222m▊[48;5;221m [38;5;16;48;5;185m▝[38;5;221;48;5;232m▃[48;5;233m▃[38;5;94m▎[38;5;100;48;5;232m▔[38;5;94;48;5;16m▔[38;5;233;48;5;221m▍ [38;5;178;48;5;233m▏[38;5;136;48;5;232m▔[38;5;94;48;5;233m▕[38;5;222;48;5;221m▎[38;5;221;48;5;94m▊[48;5;232m▃▃[38;5;232;48;5;185m▘[48;5;221m [38;5;221;48;5;233m▎[38;5;233;48;5;221m▋ [38;5;232;48;5;179m▝[38;5;221;48;5;232m▃[48;5;233m▃[38;5;94m▔[38;5;222;48;5;232m▕[48;5;221m [38;5;221;48;5;233m▋[38;5;232;48;5;16m▗▕[38;5;236;48;5;221m▎[38;5;214m▃[38;5;178;48;5;232m▎[38;5;52;48;5;233m▝ ▝[38;5;233;48;5;172m▄[38;5;94;48;5;233m▎[38;5;233;48;5;232m▁▕[38;5;58;48;5;233m▔[48;5;16m                     [0m
[7m[38;5;16m [0m[38;5;1;48;5;16m                     [38;5;232m▔[38;5;233;48;5;232m▁[38;5;232;48;5;233m▁[38;5;52m▘[48;5;234m▗[38;5;233;48;5;16m▂[48;5;232m▘[38;5;234;48;5;16m▕[38;5;233;48;5;172m▘[38;5;94;48;5;208m▁[38;5;232;48;5;130m▁[38;5;16m▁[38;5;94;48;5;208m▁[38;5;166m▁[38;5;172;48;5;232m▖[38;5;232;48;5;208m▊[38;5;208;48;5;220m▆[38;5;172;48;5;58m▌[38;5;234;48;5;178m▆▆[38;5;136;48;5;233m▂[38;5;52;48;5;232m▏[38;5;232;48;5;233m▄[38;5;233;48;5;214m▍[38;5;214;48;5;221m▆[38;5;178;48;5;232m▏[38;5;233;48;5;16m▂[38;5;136m▕[38;5;214;48;5;221m▆[48;5;235m▊[38;5;16;48;5;179m▆[38;5;232m▆[38;5;235;48;5;214m▌[38;5;214;48;5;221m▆[48;5;232m▎[38;5;233;48;5;214m▋[38;5;208;48;5;221m▆[38;5;58;48;5;178m▆[38;5;233m▆▆[38;5;172;48;5;233m▁[38;5;220;48;5;232m▕[38;5;208;48;5;221m▆[48;5;94m▊[38;5;232;48;5;172m▃[38;5;137;48;5;166m▔[38;5;130;48;5;214m▅[38;5;94;48;5;234m▌[48;5;16m [38;5;52;48;5;232m▔[38;5;233m▂[38;5;234;48;5;52m▕[38;5;52;48;5;233m▏▘[48;5;232m▔[38;5;232;48;5;16m▔                      [0m
[7m[38;5;16m [0m[38;5;1;48;5;16m                      [38;5;52;48;5;232m▝[38;5;233;48;5;52m▁[38;5;52;48;5;16m▃[38;5;94;48;5;233m▝[38;5;232;48;5;16m▏[38;5;94m▂[38;5;232;48;5;130m▘[38;5;52;48;5;166m▁[38;5;94;48;5;232m▎[48;5;16m  [38;5;130;48;5;233m▝[38;5;232;48;5;166m▃[38;5;16;48;5;130m▃[38;5;94;48;5;232m▝[38;5;16;48;5;130m▃[48;5;166m▃[38;5;233m▄▄[38;5;232m▄[48;5;16m▁[38;5;233;48;5;232m▂[38;5;208;48;5;52m▝[38;5;233;48;5;208m▄[38;5;94;48;5;233m▏[38;5;52;48;5;232m▂[38;5;94;48;5;233m▕[38;5;233;48;5;172m▃[48;5;130m▃[38;5;52;48;5;232m▁[38;5;233m▂[38;5;172;48;5;234m▝[38;5;232;48;5;172m▃[38;5;130;48;5;233m▘[38;5;166m▝[38;5;232;48;5;166m▃▃[38;5;16m▃▃[48;5;130m▃[38;5;232;48;5;94m▊[48;5;166m▃[38;5;16;48;5;94m▂[38;5;232;48;5;16m▏[38;5;58m▝[38;5;233;48;5;94m▃[48;5;130m▁[38;5;94;48;5;233m▆[48;5;16m▃[38;5;52m▁[48;5;234m▗[38;5;94;48;5;232m▂[38;5;52;48;5;234m▖[48;5;233m▘[48;5;232m [38;5;232;48;5;16m▖                     [0m
[7m[38;5;16m [0m[38;5;1;48;5;16m                    [38;5;232m▗▎[48;5;232m  [38;5;16m▆[38;5;233m▁[38;5;232;48;5;233m▏[38;5;52;48;5;232m▔[48;5;16m [38;5;236m▁▁[38;5;94;48;5;232m▁[38;5;172m▁[38;5;94m▁[38;5;58m▁▁[38;5;235m▁[38;5;136m▁[38;5;235m▁[48;5;233m▁[38;5;234;48;5;232m▏[48;5;233m▁ [38;5;136m▁[38;5;58m▁[48;5;234m▁[38;5;137m▁[38;5;234;48;5;52m▁[38;5;232;48;5;94m▅[38;5;137;48;5;52m▁[38;5;232;48;5;94m▅[38;5;233m▅[38;5;235;48;5;234m▁[48;5;233m▏    [38;5;101m▁[38;5;94;48;5;232m▁[38;5;235m▁▁[38;5;137m▁[38;5;234m▁[38;5;235m▁[38;5;58m▁[48;5;16m▁[38;5;234m▁[38;5;94m▁[38;5;130m▁[38;5;52m▔[48;5;232m▔[38;5;233m▂ ▃[38;5;232;48;5;16m▏▔▘                     [0m
[38;5;16;48;5;16m                      [48;5;232m▄[38;5;232;48;5;16m▝[48;5;232m [48;5;233m [38;5;52m▃[38;5;94;48;5;52m▃[38;5;234;48;5;16m▁▕[38;5;233;48;5;136m▄[48;5;94m▋[38;5;94;48;5;235m▘[38;5;136;48;5;233m▝[38;5;232;48;5;136m▊[38;5;136;48;5;233m▝[38;5;16m▕[38;5;100;48;5;234m▍[38;5;101;48;5;235m▏[38;5;94;48;5;233m▝[38;5;137m▝▘[48;5;234m▎[38;5;236;48;5;16m▕[38;5;16;48;5;94m▂[38;5;95;48;5;235m▘[38;5;101;48;5;234m▝[48;5;236m▕▝[38;5;137;48;5;234m▝[38;5;235;48;5;101m▊[38;5;232;48;5;3m▃[38;5;58;48;5;235m▖[38;5;234;48;5;94m▅[48;5;16m▔[38;5;94;48;5;235m▝[38;5;239m▘[38;5;101;48;5;236m▝[38;5;94;48;5;233m▘[38;5;137;48;5;232m▕[48;5;16m▏[48;5;234m▘[38;5;232;48;5;94m▃[38;5;100;48;5;236m▕[38;5;232;48;5;94m▃[38;5;136;48;5;234m▝[38;5;100m▘[38;5;58m▖[38;5;130m▎[38;5;136;48;5;16m▎[38;5;94m▍[38;5;234m▁[38;5;1;48;5;233m▃[38;5;232m▁[38;5;52m▘[38;5;232;48;5;16m▏▘                       [0m
[7m[38;5;16m [0m[38;5;1;48;5;16m                       [38;5;232m▝[38;5;233m▔[48;5;232m▔[38;5;52;48;5;233m▕[38;5;232;48;5;52m▆[38;5;52;48;5;232m▘[38;5;16m▁[38;5;233m▁ ▁ [38;5;232;48;5;16m▖[38;5;130m▗[38;5;58m▖ [38;5;130;48;5;232m▃[38;5;94;48;5;16m▃▗[48;5;232m▗[38;5;58m▖[38;5;130;48;5;16m▃[38;5;94;48;5;232m▂[38;5;16;48;5;233m▁[38;5;94;48;5;16m▃[48;5;232m▗▂▗[38;5;234m▏[38;5;94m▗[48;5;16m▖[48;5;232m▃[38;5;58;48;5;16m▗[48;5;232m▂[38;5;94;48;5;16m▃[38;5;58;48;5;232m▃▖[38;5;94;48;5;16m▃[38;5;58;48;5;233m▁[48;5;232m▗[38;5;94m▂[38;5;58m▗[38;5;16m▁[38;5;233;48;5;16m▁[48;5;232m [38;5;234m▂[48;5;233m [38;5;52m▕[38;5;232;48;5;52m▆[48;5;232m  [48;5;16m▔                         [0m
[7m[38;5;16m [0m[38;5;1;48;5;16m                         [38;5;232m▔[38;5;233m▔[38;5;232;48;5;233m▆[38;5;233;48;5;232m▝▗[38;5;52m▖[38;5;233m▁ ▂[38;5;52m▁[38;5;232;48;5;58m▅[38;5;16;48;5;94m▅[48;5;16m [48;5;94m▅[38;5;232;48;5;58m▆[48;5;130m▅[48;5;58m▅[38;5;58;48;5;232m▘[38;5;232;48;5;130m▅[38;5;94;48;5;232m▝[38;5;232;48;5;94m▅▅[38;5;58;48;5;234m▔[38;5;232;48;5;94m▅[38;5;58;48;5;233m▕[38;5;52;48;5;232m▁[38;5;58m▝[38;5;94m▘[38;5;232;48;5;94m▅▆[38;5;94;48;5;232m▘[38;5;232;48;5;94m▅[38;5;16;48;5;58m▅[38;5;58;48;5;232m▘[38;5;232;48;5;94m▆[38;5;16;48;5;58m▅[38;5;58;48;5;233m▔[38;5;16;48;5;94m▅[38;5;58;48;5;232m▝[38;5;94m▘[48;5;16m [38;5;233;48;5;232m▕[38;5;234m▔[38;5;16m▁  [38;5;232;48;5;16m▔[38;5;16;48;5;232m▆[48;5;16m                          [0m
[7m[38;5;16m [0m[38;5;1;48;5;16m                             [38;5;232m▝[38;5;233;48;5;232m▕▔▝▗[38;5;52;48;5;233m▔  [38;5;130m▅[38;5;1m▖[38;5;52;48;5;16m▁[38;5;232;48;5;52m▋[38;5;52;48;5;234m▘▖[38;5;94;48;5;233m▁[48;5;52m  [38;5;130m▁▂[38;5;214;48;5;94m▗[38;5;172m▃[38;5;130;48;5;52m▂[38;5;94m▗▂[38;5;233m▕[38;5;94;48;5;233m▁[38;5;52m▖ [48;5;232m▘▁▃[38;5;58m▂[38;5;1;48;5;52m▞[38;5;52;48;5;233m▏[38;5;233;48;5;232m▏▖ [38;5;232;48;5;16m▔                                [0m
[7m[38;5;16m [0m[38;5;1;48;5;16m                              [38;5;232m▝[38;5;16;48;5;232m▆[48;5;16m [48;5;232m [38;5;52m▃[38;5;233m▎▔[38;5;52;48;5;233m▕[38;5;94;48;5;232m▘[38;5;52;48;5;130m▊[38;5;94;48;5;52m▖[38;5;232;48;5;233m▏[38;5;233;48;5;52m▕[38;5;58;48;5;232m▔[38;5;52;48;5;233m▘[48;5;234m▗[48;5;166m▆[48;5;94m▋[38;5;214m▝▘[38;5;94;48;5;52m▁[38;5;52;48;5;166m▆[48;5;52m [48;5;234m▝[38;5;58;48;5;233m▔[48;5;232m [38;5;16m▕[38;5;52m▝▔[48;5;166m▊[38;5;94;48;5;232m▏[48;5;233m▔[48;5;232m [38;5;232;48;5;16m▔ ▏                                 [0m
[7m[38;5;16m [0m[38;5;1;48;5;16m                                 [38;5;232m▝[38;5;16;48;5;232m▆[48;5;16m   [38;5;232m▏▔▔▔[38;5;16;48;5;233m▅[48;5;232m▆[38;5;232;48;5;16m▁▕[38;5;16;48;5;233m▅[38;5;232;48;5;130m▆[38;5;130;48;5;233m▕[38;5;172m▏[38;5;232;48;5;130m▆[48;5;233m▆[38;5;233;48;5;16m▘ [48;5;232m▗▝ [38;5;232;48;5;16m▖▔[38;5;52m▔[38;5;232m▔ ▔                                    [0m
[38;5;16;48;5;16m                                            [38;5;232m▔▔[38;5;16;48;5;232m▅[48;5;16m  [38;5;232m▕[38;5;234m▏    [38;5;232m▔[38;5;16;48;5;232m▆▆[48;5;16m                                          [0m
[38;5;16;48;5;16m                                                                                                    [0m
[?25h